6.738994121551513672e-01
6.058096885681152344e-01
5.400739312171936035e-01
4.770994484424591064e-01
4.165883958339691162e-01
3.584983050823211670e-01
3.054250180721282959e-01
2.606527507305145264e-01
2.241242527961730957e-01
1.935871690511703491e-01
1.658702641725540161e-01
1.387657225131988525e-01
1.116783916950225830e-01
8.497375249862670898e-02
5.896914005279541016e-02
3.364101424813270569e-02
1.201691664755344391e-02
2.908323192968964577e-03
1.297202077694237232e-03
9.848194895312190056e-04
1.796089462004601955e-03
1.229012757539749146e-02
4.269158467650413513e-02
7.656372338533401489e-02
1.074533164501190186e-01
1.352850347757339478e-01
1.648636311292648315e-01
1.970659792423248291e-01
2.289833128452301025e-01
2.650074064731597900e-01
3.121528029441833496e-01
3.677843511104583740e-01
4.267134964466094971e-01
4.886437654495239258e-01
5.559713840484619141e-01
6.298214197158813477e-01
7.095649838447570801e-01
7.960700988769531250e-01
8.929532766342163086e-01
1.004286289215087891e+00
1.131791353225708008e+00
