4.095707476865488306e-01
4.036123376185556388e-01
3.634188523028198947e-01
6.246524916441326125e-01
4.255372023174533447e-01
3.863067574309668184e-01
4.962435529714175342e-01
5.574221461020490986e-01
6.524949977106950794e-01
1.193261494620673907e-01
5.821201413618124487e-01
4.616265910806708339e-01
3.072091864691471885e-01
1.718294809269525214e-01
5.042881973551389674e-01
2.218309699213239505e-01
1.692754444371097899e-01
1.489677229419663906e-01
2.495609244161774154e-01
1.860019543422815891e-01
6.879929779447176152e-02
4.436844405387001533e-01
2.251352117328035418e-01
3.081376380571602680e-01
5.123167232702885432e-02
1.612569312871413030e-01
1.694793474016080270e-01
3.303786712916155777e-01
1.209373678815525155e-01
2.797704058934900595e-01
1.264514876436740043e-01
2.272507338845255742e-01
2.176997688230225270e-01
2.328602549593732640e-01
2.246680931561807759e-01
4.402794825352694674e-02
1.501132358171031467e-01
1.588511804801467919e-01
3.053278034311044942e-01
2.901086262568307594e-01
1.137388184715734385e-01
1.843160278345723491e-01
5.837770304043674585e-01
2.475741483149793976e-01
1.423970861351516182e-01
4.121150705757534172e-01
1.204687702604221450e-01
1.330893784469739938e-01
1.337327425554585836e-01
5.439995054214306902e-02
2.569271003422257116e-01
2.411749271614803125e-01
2.827273694964505535e-01
2.167289175872045559e-01
2.837062076734024954e-02
7.671576495767103154e-02
1.702199140981882353e-01
5.921796556484619500e-02
9.956215998026400615e-02
1.430811930002390542e-01
1.322422057702446821e-02
2.365149463139016583e-01
1.767730867512282422e-01
1.000266954558976101e-01
2.347313138067969318e-01
2.360426636347370544e-01
3.855814606077623274e-02
1.779813396237846235e-01
4.804142529622129065e-01
7.316148839444670815e-02
1.389788576809900533e-01
1.652872117101995830e-01
1.092739104116611376e-01
7.765144876320682898e-02
8.244309487095019540e-02
1.665639882610865097e-01
1.497935201237711733e-01
2.222642090999798689e-02
1.142565440727047882e-01
1.867724178974506655e-01
2.533006269781811204e-01
1.165013934596769718e-01
2.265857178465422728e-01
7.116641267750295485e-01
5.409649358572045375e-02
2.279417982206821958e-01
1.316054204564167385e-01
2.484708326753633234e-01
1.426080452791764902e-02
8.517140017012915509e-02
7.249837874399751858e-02
2.159526337373452731e-01
9.338556378757512100e-02
5.679360602882055353e-02
9.879626986757160390e-02
1.007570948473830302e-01
7.217646153349903393e-02
5.223825873262200742e-02
5.564878647823948837e-02
8.231401348173902899e-02
7.059875170284023171e-02
3.892627111630013459e-02
2.726084463565732752e-01
4.471430735667150103e-01
1.069573983084000507e-01
8.725547320160127740e-02
1.812810720791074026e-01
4.062029391885028928e-02
8.377515543590932645e-02
1.430120392041943703e-02
4.874623279595709235e-02
4.052791579977009506e-02
8.111019237072547572e-02
1.419814862772520725e-01
5.708022731063290556e-02
3.958096662391475534e-02
9.450221477111653279e-02
8.247953735231648709e-02
4.317744447475224505e-03
5.115878653204104787e-02
5.123613279780000335e-02
3.919669093486258943e-02
1.286504390232904270e-02
1.034868016105893948e-02
4.790605394837748471e-02
1.690827429771213919e-01
1.313215730775971757e-01
5.858537223889248580e-02
5.376117144321526653e-02
2.090151646493592849e-02
4.823179437018391275e-02
1.256326218835057962e-01
1.151343789599787309e-01
5.660420088575636444e-02
2.484712511696589854e-01
5.946639888189381162e-02
2.955500644611548933e-01
3.893502993111146171e-02
8.076731770932450011e-03
3.853129292505275832e-02
1.759813660708823835e-01
6.249517910585528080e-02
3.138605597910056055e-02
5.079591028210944659e-02
7.025732051921423915e-02
1.198244649352712445e-02
6.676094719120688470e-02
9.815949841102187060e-03
4.959671088849267051e-02
5.165658414457142966e-02
