1.988311581460486144e+00
2.020876725744040314e+00
1.978459129412289741e+00
1.963345149216632279e+00
1.892754766865104354e+00
1.899737177739863281e+00
1.887878018055591633e+00
1.897774527347349638e+00
1.861684210446975296e+00
1.833556877494170401e+00
1.841837250949032834e+00
1.830137871736068345e+00
1.842429952905721757e+00
1.846841132626923843e+00
1.946018496587864410e+00
1.939573296973748029e+00
2.020685811622209282e+00
1.951676961289422918e+00
1.974138747568680019e+00
1.963975859167743865e+00
1.943228603814039834e+00
1.956500508750103506e+00
1.938655419669011781e+00
1.936361028618464264e+00
1.966641699139233923e+00
1.961203019077470522e+00
1.971789107624012383e+00
1.764512129874220792e+00
1.784948707737464835e+00
1.805160979399420995e+00
