1.246832609176635742e+00
1.118384838104248047e+00
9.985708594322204590e-01
8.835353851318359375e-01
7.733611464500427246e-01
6.705216169357299805e-01
5.715678930282592773e-01
4.761917591094970703e-01
3.961557447910308838e-01
3.404351472854614258e-01
2.945155799388885498e-01
2.505804896354675293e-01
2.079806774854660034e-01
1.647266447544097900e-01
1.189936846494674683e-01
7.239267230033874512e-02
3.071563877165317535e-02
4.943293984979391098e-03
3.633615269791334867e-04
4.225603697705082595e-05
2.471128937031608075e-05
4.720275464933365583e-04
1.842486672103404999e-02
7.597676664590835571e-02
1.444442272186279297e-01
2.065863758325576782e-01
2.602102756500244141e-01
3.077082931995391846e-01
3.645751178264617920e-01
4.371942281723022461e-01
5.234649181365966797e-01
6.084585785865783691e-01
7.092849612236022949e-01
8.507722616195678711e-01
1.024841427803039551e+00
1.230217456817626953e+00
1.436049342155456543e+00
1.632908940315246582e+00
1.819617629051208496e+00
1.994523048400878906e+00
2.165968418121337891e+00
