1.100021272164786179e+00
1.036971044630820682e+00
1.225004736862134846e+00
1.315648687774509051e+00
1.111549695699244333e+00
1.102868962108170647e+00
1.129105210973544882e+00
1.260743252719766172e+00
1.405696994129399746e+00
1.155894109010420445e+00
1.128704721153817925e+00
1.292922531534401953e+00
1.156153304456063680e+00
1.272940417712230099e+00
1.227107308386614415e+00
1.223450496670554610e+00
1.288967651072168819e+00
1.172547831803097074e+00
1.231780292106655406e+00
1.199784545687070159e+00
1.181583847811659593e+00
1.809468621888683293e+00
2.029406426751608539e+00
1.636118941271611504e+00
1.777344292281485494e+00
1.131457293400050856e+00
1.193692772272518576e+00
1.280561301553531983e+00
1.374963893454031583e+00
1.240966470120352882e+00
