3.790041000461288889e-01
5.919957096659812512e-01
2.257446098279760338e-01
5.294855545985608369e-01
4.434736193362011081e-01
5.908160311641366125e-01
7.195491225187238271e-01
3.887974518320621020e-01
5.095383383603828698e-01
1.268541675784421452e-01
4.046605363359422336e-01
3.675064957029065549e-01
5.671974034411171595e-02
7.131347046847859306e-02
1.406899240285180638e-02
1.011868764713264590e-01
6.971320008790114764e-02
7.390575204248909374e-03
8.063657480953152420e-03
4.125753848750995240e-02
2.417184917007469958e-02
4.029671131929010545e-03
2.780137484042140804e-03
3.155210152961345285e-03
6.109928320956540789e-04
4.151271319960121546e-03
1.967702021398204382e-03
1.380729773199645830e-03
1.607713395738350056e-03
1.316169208027338040e-03
4.568394533767825222e-04
1.213725460059978745e-03
3.035905196090754512e-04
4.815322788491905801e-03
1.834453112235385694e-03
7.565162171257476574e-04
9.680994876266853840e-04
8.251182452018122069e-04
6.451109131594400317e-03
8.045084670015472447e-04
4.648160330595099395e-04
2.212602273971996276e-03
3.252175073936429406e-03
2.534077465113407888e-03
1.003278352153321720e-03
2.372632534448509620e-02
1.455171891418657534e-03
8.153277370389769372e-05
1.531034361465560736e-03
1.553627725577538289e-03
1.533163859725268771e-03
2.863220145998081334e-03
3.344409140043959512e-03
2.095699418171536807e-03
2.510679123605230145e-04
2.005077406432783391e-04
1.886517238760769500e-03
9.223247867262999652e-04
1.538205507768208510e-03
1.288115440194871055e-03
3.014989003739966381e-04
3.349698242304483681e-03
1.060659678506603370e-03
1.360311321181299337e-03
2.136472474024174451e-03
2.105742151205179744e-03
1.904906623166133977e-03
2.428558664142075035e-03
5.973885441787898758e-03
9.327004710218249079e-04
1.521384703271833538e-03
5.274157763090738839e-03
2.139519100668125628e-03
1.283499441083899451e-03
3.018906046401057062e-03
7.814881996345727578e-04
2.272229585241697727e-03
1.204474156751188718e-03
1.449074493416182760e-03
5.906634010821213516e-04
1.706357413615458909e-02
2.083306783897261819e-03
6.765121957084911132e-03
3.350506422676945845e-02
6.416669445777801887e-04
4.177766562780869074e-03
1.049063712218513411e-02
1.251298595835176677e-02
5.462986722448021949e-03
5.099658857180436843e-03
4.702540899046102167e-03
3.778177851715610550e-03
5.959074235054921675e-03
1.237075762701583554e-03
4.630745098350087102e-03
2.671566822903894550e-03
1.199528270409860788e-03
2.876956232143274613e-03
8.400989898920865895e-03
1.773579350299145548e-03
2.264979923785113373e-03
5.511580823035811027e-04
1.374135819538298220e+00
1.237684008142669434e+00
2.067180142403431120e-02
8.667584954910465544e-01
3.255530501935752219e-01
3.615350927413884391e-02
2.733654843030581261e-01
6.265842672788923947e-05
2.354847521792228539e-03
1.056372855396342861e-02
1.970669256394478545e-03
1.143026846991190837e-03
4.472657649312206107e-03
5.422140925279927103e-04
9.717159461132699252e-04
1.306719443983921048e-03
1.940904936154703368e-04
9.865229283104036840e-04
8.058877435914421411e-04
1.154936849997125273e-03
3.153442727306042764e-04
1.612946758322555876e-04
8.881114025911912005e-04
4.728215530821949786e-03
2.768568365652822588e-03
1.137405437809189479e-03
4.030620298362219646e-04
1.160057651241375425e-03
7.560608867208021668e-04
4.681554952841677185e-03
8.243746080886884577e-04
3.301739329404259336e-04
5.215076573360116242e-03
4.909969733857384938e-04
5.055605196809601076e-03
1.258995287428525808e-03
2.929133243217202560e-04
4.227080339734976184e-04
2.336139417631612550e-03
1.573965059671484420e-03
8.576711066079096288e-04
1.202425570295228598e-03
8.314153179454605164e-03
1.066335476543967768e-03
1.526902172041089611e-03
3.782536598867797663e-04
8.110732823664718299e-04
1.971827651568203253e-03
