1.579592498441975357e+00
1.654781686151496345e+00
1.766775810948391312e+00
1.886166490513252025e+00
2.003794718229271243e+00
2.117270642595314278e+00
2.241451829362901993e+00
2.431990910816885787e+00
2.396962689469993801e+00
2.288237195991803308e+00
2.163600625595477389e+00
2.029159908982821392e+00
1.899484937151373787e+00
1.755869123899083339e+00
1.624610311921157679e+00
1.518355267612321757e+00
1.442368934953165649e+00
1.387469006182793674e+00
1.384249825281048896e+00
1.351525334601994421e+00
1.377739676353562537e+00
1.400501630048597068e+00
1.422620380124057116e+00
1.433610881719855401e+00
1.440746779488819351e+00
1.450470621039244845e+00
1.458396773746783337e+00
1.462766616095919625e+00
1.464329034696936427e+00
1.461808676992666367e+00
