5.799609443965217936e-01
3.899230685759803028e-01
5.208485478475414210e-01
5.490568215691408183e-01
4.383726326491543257e-01
6.504565124876497961e-01
4.147563291445123257e-01
4.215402303045249210e-01
6.615134608620127921e-01
2.541328985235207782e-01
4.915103295222195134e-01
5.110591496446076354e-01
8.554150390289948225e-02
8.135056050449089582e-02
1.465151496842186096e-02
8.423975809554457017e-02
1.329327157425905792e-01
9.144609272894586209e-04
1.013706798219974475e-01
2.891396714217186331e-02
1.704911216941601415e-02
8.293444600542365652e-02
5.058280395896419535e-01
3.981441812833424326e-03
5.669537631007438155e-02
8.236597833022854531e-02
5.023180830796539764e-01
2.735561796858841377e-01
1.631754886197813587e-02
2.778243934972816562e-02
2.314707914905915209e-01
3.797146896212056331e-03
8.310557280434631780e-03
1.242940751876118466e-01
1.107187528337308553e-02
1.454430534954169983e-03
6.931810862766446882e-03
1.732298717170309976e-01
1.480668773167253816e-01
2.437596928986635741e-02
1.306940041514104362e-03
3.570597043388532791e-03
5.533036088665064731e-03
2.915762190496375313e-03
1.165354756807845298e-03
2.265749180238079731e-03
1.348860347813128462e-03
1.529480377722836732e-04
2.902606026913980117e-04
3.359818405653934473e-04
1.586735823391117637e-04
2.751387160980496940e-04
4.151907551839738547e-04
3.112294168805678244e-04
8.216746070897601570e-05
2.479913803378389393e-05
2.239364541488490123e-05
3.413763307226265774e-05
4.089380999741954332e-05
1.099479908308348153e-04
1.949023648297844096e-05
2.600993155930488910e-05
3.123209810372095627e-05
1.149338775078180354e-05
7.441471935676250115e-06
7.910262617448052177e-06
2.663634918337229686e-06
3.948514352312195111e-06
9.969751118548117303e-06
1.569658027116913924e-06
1.068806707658555536e-06
1.999699648752403789e-06
1.219217124238703180e-06
8.068205213224999117e-07
6.574422211515849098e-07
1.195169223306238318e-07
1.165145119383960594e-07
1.287020669438930817e-07
1.786014903682852698e-07
1.203067899732422283e-07
3.512961491247053611e-07
9.762810522271359171e-08
1.535393785056373806e-07
3.307068518173328885e-07
1.730582117299447421e-08
1.750599799407496359e-07
1.030154883913303827e-07
2.962224152969922643e-08
1.355520746861372147e-08
5.290711727979894370e-08
3.999559517410945158e-08
9.614521309190504353e-08
9.463181305960730320e-08
4.922683573773229057e-08
1.505469503042680075e-07
4.471734136360527294e-08
2.948846838306422093e-08
1.597627845500828464e-07
2.782123280212486110e-08
3.059372879640213302e-07
2.872516700237524691e-08
7.447681487049307261e-08
1.236915255795063169e-07
1.142190441116034856e-07
4.702729525776854330e-08
1.526455782786830845e-07
4.832410389044668746e-08
2.617664679214387197e-08
1.444494105171235441e-07
2.017608999598838947e-08
5.364713754479574741e-08
9.885023431800651952e-08
8.306531009659907430e-08
1.676803541421457244e-07
7.271889282991966186e-08
1.684190645372104253e-08
3.126662828474496007e-08
2.713303318632030491e-08
6.197502761160280913e-09
4.183078607784266247e-08
1.061897518189547943e-07
4.024897161638831025e-08
1.782076146416257827e-08
2.775370541823195435e-08
7.168153103511149987e-08
8.330582555999404062e-08
5.179033178803154928e-08
5.790430724653469861e-08
6.341444416137709482e-09
8.693135498786664017e-08
1.095494777216053741e-07
5.298082657191221945e-08
1.180610610670457651e-07
1.798088881671183594e-08
3.659146481397381602e-08
4.953399741336756416e-08
1.274726108491499811e-07
9.862387360167305845e-08
2.248777928066845496e-08
3.478643412462057997e-08
3.035236551913000266e-08
1.537158856894676712e-07
9.609531830826734441e-09
5.330522773088746140e-08
1.760887989859179133e-07
2.075511884582581029e-08
1.070537193579672806e-07
6.209801223428286297e-08
8.940102692882346373e-08
5.389885855650536408e-08
