1.896664857864379883e+00
1.569630980491638184e+00
1.266054868698120117e+00
9.985730648040771484e-01
7.734535932540893555e-01
5.867887735366821289e-01
4.406490027904510498e-01
3.299004733562469482e-01
2.442891597747802734e-01
1.788325905799865723e-01
1.295213103294372559e-01
9.251043200492858887e-02
6.502018868923187256e-02
4.573526978492736816e-02
3.313729539513587952e-02
2.453126572072505951e-02
1.875688880681991577e-02
1.445331890136003494e-02
1.049966458231210709e-02
6.707421503961086273e-03
4.435266833752393723e-03
4.815698135644197464e-03
6.444693077355623245e-03
8.851273916661739349e-03
1.165675278753042221e-02
1.473297737538814545e-02
1.836282759904861450e-02
2.283429168164730072e-02
2.820788137614727020e-02
3.471287712454795837e-02
4.244189709424972534e-02
5.136944726109504700e-02
6.172789633274078369e-02
7.384268939495086670e-02
8.797811716794967651e-02
1.046581864356994629e-01
1.248387098312377930e-01
1.496073007583618164e-01
1.791222393512725830e-01
2.125686854124069214e-01
2.491723746061325073e-01
