5.205816254915766050e-01
5.307943605847372792e-01
6.435964035101623404e-01
5.719227839109546352e-01
5.786138827388261907e-01
3.294739567183141982e-01
6.175946044824468517e-01
7.086860877721629093e-01
6.175069346021891947e-01
5.358717202689501358e-01
6.190837681811283133e-01
5.203519838327964608e-01
3.235689787858270772e-01
3.108090513010086098e-01
2.578459034694346660e-02
5.010402196113984408e-01
7.231523881708391832e-02
8.531389398171909111e-01
3.660958939753052865e-01
5.587782694460337041e-01
5.662658735864555259e-01
1.217967196332930130e-01
5.769880302290305435e-02
1.138026441260170940e-01
1.423159652411482012e-01
7.031257530813415091e-01
3.102654871422288324e-02
3.261045708932316239e-02
3.086384219722089206e-01
2.759410165780640245e-01
2.445721041085938408e-01
2.321887487546991091e-01
5.491964582181898397e-02
2.861174980843818605e-01
4.113483153930036496e-01
3.038479908847744465e-02
7.804359863838689071e-02
8.387281313129463234e-02
1.090698103944188861e-02
1.452839231197491365e-01
1.109843364769050322e-01
1.797040867188035018e-02
1.585727288591492687e-02
1.465799031976916002e-02
1.916885851485871928e-01
5.224808048630577052e-03
7.381706309867729077e-02
5.788921194334596398e-01
3.192864014965567793e-02
1.430995442097418857e-01
2.352121935781900652e-02
4.447629323972230458e-02
9.703610502316151187e-02
9.219883658358152267e-02
5.066497673008049651e-02
4.837225683644691410e-02
3.230345107405859228e-01
1.410401271894433095e-01
6.172883743675600804e-03
2.233540239629099380e-02
4.451303173388929113e-01
4.398225588715451440e-02
3.226247571653928503e-02
1.931136867030569873e-02
8.111065313032966850e-02
2.819973825235671736e-02
4.805075579353026288e-02
2.714638753549816763e-01
1.627397191668938925e-02
1.086247010551495001e-02
2.929301346632079070e-02
1.352463940990570636e-02
1.340596410933995314e-02
2.114250958646745129e-02
1.377155531689399151e-02
2.323523570477846120e-02
2.757048810964244506e-02
4.205243689623354431e-02
5.573819321616203110e-03
2.748237510929899541e-01
2.286938400563405180e-02
1.649716796224585669e-01
2.933394476022531047e-02
2.237812602874623621e-02
2.861294727878855096e-02
8.906131200071205553e-03
2.875571190940627922e-02
3.353290856456685870e-02
1.005175998882847262e-02
1.498245792694112219e-02
2.881284043459431121e-02
7.620964991020534769e-03
1.535360436268062324e-02
3.644651759133461875e-03
2.286836699390568106e-02
8.211321459768416639e-03
2.801260513036837266e-03
1.526760754187998087e-02
2.191330376593369350e-02
1.039234728742337126e-02
2.614658978422479754e-02
1.216160628907551888e-02
1.941033464154890906e-02
5.927423159766375543e-02
1.482801244699092844e-02
2.555321201810898876e-02
7.535189209172897182e-03
5.208182917210899682e-03
3.695464101363296616e-02
9.535366993039461406e-03
1.708839609362274026e-02
3.280071994594839502e-02
2.473390481518151010e-02
1.320371549019785928e-02
3.203902864765332918e-03
4.127136268597465102e-02
2.265178566342007996e-02
3.789189858880618461e-02
1.329717462605063683e-02
5.588945370500823275e-03
3.596642673965853160e-02
1.458916575903100935e-02
9.898968255785504933e-03
9.000248033879087659e-03
1.621822901547424756e-02
8.107241291278141637e-03
3.666979522163086539e-03
1.567091481038609610e-02
1.031127730627219574e-02
1.287976505277398619e-02
1.845800717777479685e-02
1.428039755726261822e-02
7.336248751108643239e-03
4.445450728711529582e-03
5.932228219123639699e-03
1.299326652369723820e-02
8.685719169281921545e-03
7.406290419263213826e-03
1.165996070679973032e-02
1.420823687992373539e-02
1.348413737789733169e-02
2.351606241310649076e-02
1.564135851189384085e-02
3.573481435009926398e-03
2.488667770178399751e-03
1.619754439769046858e-02
1.992580871735074449e-02
7.162601646548681991e-03
2.357624319751299574e-02
2.722793660081017884e-03
