2.256480693817138672e+00
1.891975164413452148e+00
1.525891542434692383e+00
1.171216487884521484e+00
8.483057022094726562e-01
5.811255574226379395e-01
3.833730518817901611e-01
2.525342702865600586e-01
1.759306192398071289e-01
1.382143795490264893e-01
1.273481845855712891e-01
1.390777081251144409e-01
1.743993163108825684e-01
2.386441379785537720e-01
3.392260670661926270e-01
4.805128574371337891e-01
6.629448533058166504e-01
8.817059397697448730e-01
1.127187252044677734e+00
1.389725446701049805e+00
1.661079287528991699e+00
