1.583279669595038630e+00
1.590186502009411029e+00
1.593904111115096667e+00
1.588691504693332091e+00
1.578710293538966081e+00
1.580810984539860575e+00
1.600026228307327436e+00
1.602271522034440565e+00
1.605511094929343852e+00
1.583462315638455298e+00
1.595016149621160118e+00
1.591610299465751721e+00
1.584418813682077376e+00
1.580244603689370475e+00
1.574905241749098739e+00
1.578067732280640234e+00
1.585895417279781672e+00
1.583990119224819804e+00
1.588293411163735680e+00
1.591314676241328163e+00
1.582777081944573228e+00
1.591840273679870688e+00
1.609167923400630196e+00
1.596056688270329094e+00
1.620906095726547980e+00
1.619529090215157563e+00
1.617171954336573902e+00
1.599767488467715548e+00
1.574308149728168571e+00
1.570656730394191403e+00
